99000001
99000002
99000003
99000004
99000005
99000006
99000007
99000008
99000009
99000010
99000011
99000012
99000013
99000014
99000015
99000016
99000017
99000018
99000019
99000020
99000021
99000022
99000023
99000024
99000025
99000026
99000027
99000028
99000029
99000030
99000031
99000032
99000033
99000034
99000035
99000036
99000037
99000038
99000039
99000040
99000041
99000042
99000043
99000044
99000045
99000046
99000047
99000048
99000049
99000050
99000051
99000052
99000053
99000054
99000055
99000056
99000057
99000058
99000059
99000060
99000061
99000062
99000063
99000064
99000065
99000066
99000067
99000068
99000069
99000070
99000071
99000072
99000073
99000074
99000075
99000076
99000077
99000078
99000079
99000080
99000081
99000082
99000083
99000084
99000085
99000086
99000087
99000088
99000089
99000090
99000091
99000092
99000093
99000094
99000095
99000096
99000097
99000098
99000099
99000100
99000101
99000102
99000103
99000104
99000105
99000106
99000107
99000108
99000109
99000110
99000111
99000112
99000113
99000114
99000115
99000116
99000117
99000118
99000119
99000120
99000121
99000122
99000123
99000124
99000125
99000126
99000127
99000128
99000129
99000130
99000131
99000132
99000133
99000134
99000135
99000136
99000137
99000138
99000139
99000140
99000141
99000142
99000143
99000144
99000145
99000146
99000147
99000148
99000149
99000150
99000151
99000152
99000153
99000154
99000155
99000156
99000157
99000158
99000159
99000160
99000161
99000162
99000163
99000164
99000165
99000166
99000167
99000168
99000169
99000170
99000171
99000172
99000173
99000174
99000175
99000176
99000177
99000178
99000179
99000180
99000181
99000182
99000183
99000184
99000185
99000186
99000187
99000188
99000189
99000190
99000191
99000192
99000193
99000194
99000195
99000196
99000197
99000198
99000199
99000200
99000201
99000202
99000203
99000204
99000205
99000206
99000207
99000208
99000209
99000210
99000211
99000212
99000213
99000214
99000215
99000216
99000217
99000218
99000219
99000220
99000221
99000222
99000223
99000224
99000225
99000226
99000227
99000228
99000229
99000230
99000231
99000232
99000233
99000234
99000235
99000236
99000237
99000238
99000239
99000240
99000241
99000242
99000243
99000244
99000245
99000246
99000247
99000248
99000249
99000250
99000251
99000252
99000253
99000254
99000255
99000256
99000257
99000258
99000259
99000260
99000261
99000262
99000263
99000264
99000265
99000266
99000267
99000268
99000269
99000270
99000271
99000272
99000273
99000274
99000275
99000276
99000277
99000278
99000279
99000280
99000281
99000282
99000283
99000284
99000285
99000286
99000287
99000288
99000289
99000290
99000291
99000292
99000293
99000294
99000295
99000296
99000297
99000298
99000299
99000300
99000301
99000302
99000303
99000304
99000305
99000306
99000307
99000308
99000309
99000310
99000311
99000312
99000313
99000314
99000315
99000316
99000317
99000318
99000319
99000320
99000321
99000322
99000323
99000324
99000325
99000326
99000327
99000328
99000329
99000330
99000331
99000332
99000333
99000334
99000335
99000336
99000337
99000338
99000339
99000340
99000341
99000342
99000343
99000344
99000345
99000346
99000347
99000348
99000349
99000350
99000351
99000352
99000353
99000354
99000355
99000356
99000357
99000358
99000359
99000360
99000361
99000362
99000363
99000364
99000365
99000366
99000367
99000368
99000369
99000370
99000371
99000372
99000373
99000374
99000375
99000376
99000377
99000378
99000379
99000380
99000381
99000382
99000383
99000384
99000385
99000386
99000387
99000388
99000389
99000390
99000391
99000392
99000393
99000394
99000395
99000396
99000397
99000398
99000399
99000400
99000401
99000402
99000403
99000404
99000405
99000406
99000407
99000408
99000409
99000410
99000411
99000412
99000413
99000414
99000415
99000416
99000417
99000418
99000419
99000420
99000421
99000422
99000423
99000424
99000425
99000426
99000427
99000428
99000429
99000430
99000431
99000432
99000433
99000434
99000435
99000436
99000437
99000438
99000439
99000440
99000441
99000442
99000443
99000444
99000445
99000446
99000447
99000448
99000449
99000450
99000451
99000452
99000453
99000454
99000455
99000456
99000457
99000458
99000459
99000460
99000461
99000462
99000463
99000464
99000465
99000466
99000467
99000468
99000469
99000470
99000471
99000472
99000473
99000474
99000475
99000476
99000477
99000478
99000479
99000480
99000481
99000482
99000483
99000484
99000485
99000486
99000487
99000488
99000489
99000490
99000491
99000492
99000493
99000494
99000495
99000496
99000497
99000498
99000499
99000500
99000501
99000502
99000503
99000504
99000505
99000506
99000507
99000508
99000509
99000510
99000511
99000512
99000513
99000514
99000515
99000516
99000517
99000518
99000519
99000520
99000521
99000522
99000523
99000524
99000525
99000526
99000527
99000528
99000529
99000530
99000531
99000532
99000533
99000534
99000535
99000536
99000537
99000538
99000539
99000540
99000541
99000542
99000543
99000544
99000545
99000546
99000547
99000548
99000549
99000550
99000551
99000552
99000553
99000554
99000555
99000556
99000557
99000558
99000559
99000560
99000561
99000562
99000563
99000564
99000565
99000566
99000567
99000568
99000569
99000570
99000571
99000572
99000573
99000574
99000575
99000576
99000577
99000578
99000579
99000580
99000581
99000582
99000583
99000584
99000585
99000586
99000587
99000588
99000589
99000590
99000591
99000592
99000593
99000594
99000595
99000596
99000597
99000598
99000599
99000600
99000601
99000602
99000603
99000604
99000605
99000606
99000607
99000608
99000609
99000610
99000611
99000612
99000613
99000614
99000615
99000616
99000617
99000618
99000619
99000620
99000621
99000622
99000623
99000624
99000625
99000626
99000627
99000628
99000629
99000630
99000631
99000632
99000633
99000634
99000635
99000636
99000637
99000638
99000639
99000640
99000641
99000642
99000643
99000644
99000645
99000646
99000647
99000648
99000649
99000650
99000651
99000652
99000653
99000654
99000655
99000656
99000657
99000658
99000659
99000660
99000661
99000662
99000663
99000664
99000665
99000666
99000667
99000668
99000669
99000670
99000671
99000672
99000673
99000674
99000675
99000676
99000677
99000678
99000679
99000680
99000681
99000682
99000683
99000684
99000685
99000686
99000687
99000688
99000689
99000690
99000691
99000692
99000693
99000694
99000695
99000696
99000697
99000698
99000699
99000700
99000701
99000702
99000703
99000704
99000705
99000706
99000707
99000708
99000709
99000710
99000711
99000712
99000713
99000714
99000715
99000716
99000717
99000718
99000719
99000720
99000721
99000722
99000723
99000724
99000725
99000726
99000727
99000728
99000729
99000730
99000731
99000732
99000733
99000734
99000735
99000736
99000737
99000738
99000739
99000740
99000741
99000742
99000743
99000744
99000745
99000746
99000747
99000748
99000749
99000750
99000751
99000752
99000753
99000754
99000755
99000756
99000757
99000758
99000759
99000760
99000761
99000762
99000763
99000764
99000765
99000766
99000767
99000768
99000769
99000770
99000771
99000772
99000773
99000774
99000775
99000776
99000796
99000797
99000798
99000799
99000800
99000801
99000802
99000803
99000804
99000805
99000806
99000807
99000808
99000809
99000810
99000811
99000812
99000813
99000814
99000815
99000816
99000817
99000818
99000819
99000820
99000821
99000822
99000823
99000824
99000825
99000826
99000827
99000828
99000829
99000830
99000831
99000832
99000833
99000834
99000835
99000836
99000837
99000838
99000839
99000840
99000841
99000842
99000843
99000844
99000845
99000846
99000847
99000848
99000849
99000850
99000851
99000852
99000853
99000854
99000855
99000856
99000857
99000858
99000859
99000860
99000861
99000862
99000863
99000864
99000865
99000866
99000867
99000868
99000869
99000870
99000871
99000872
99000873
99000874
99000875
99000876
99000877
99000878
99000879
99000880
99000881
99000882
99000883
99000884
99000885
99000886
99000887
99000888
99000889
99000890
99000891
99000892
99000893
99000894
99000895
99000896
99000897
99000898
99000899
99000900
99000901
99000902
99000903
99000904
99000905
99000906
99000907
99000908
99000909
99000910
99000911
99000912
99000913
99000914
99000915
99000916
99000917
99000918
99000919
99000920
99000921
99000922
99000923
99000924
99000925
99000926
99000927
99000928
99000929
99000930
99000931
99000932
99000933
99000934
99000935
99000936
99000937
99000938
99000939
99000940
99000941
99000942
99000943
99000944
99000945
99000946
99000947
99000948
99000949
99000950
99000951
99000952
99000953
99000954
99000955
99000956
99000957
99000958
99000959
99000960
99000961
99000962
99000963
99000964
99000965
99000966
99000967
99000968
99000969
99000970
99000971
99000972
99000973
99000974
99000975
99000976
99000977
99000978
99000979
99000980
99000981
99000982
99000983
99000984
99000985
99000986
99000987
99000988
99000989
99000990
99000991
99000992
99000993
99000994
99000995
99000996
99000997
99000998
99000999
99001000
99001001
99001002
99001003
99001004
99001005
99001006
99001007
99001008
99001009
99001010
99001011
99001012
99001013
99001014
99001015
99001016
99001017
99001018
99001019
99001020
99001021
99001022
99001023
99001024
99001025
99001026
99001027
99001028
99001029
99001030
99001031
99001032
99001033
99001034
99001035
99001036
99001037
99001038
99001039
99001040
99001041
99001042
99001043
99001044
99001045
99001046
99001047
99001048
99001049
99001050
99001051
99001052
99001053
99001054
99001055
99001056
99001057
99001058
99001059
99001060
99001061
99001062
99001063
99001064
99001065
99001066
99001067
99001068
99001069
99001070
99001071
99001072
99001073
99001074
99001075
99001076
99001077
99001078
99001079
99001080
99001081
99001082
99001083
99001084
99001085
99001086
99001087
99001088
99001089
99001090
99001091
99001092
99001093
99001094
99001095
99001096
99001097
99001098
99001099
99001100
99001101
99001102
99001103
99001104
99001105
99001106
99001107
99001108
99001109
99001110
99001111
99001112
99001113
99001114
99001115
99001116
99001117
99001118
99001119
99001120
99001121
99001122
99001123
99001124
99001125
99001126
99001127
99001128
99001129
99001130
99001131
99001132
99001133
99001134
99001135
99001136
99001137
99001138
99001139
99001140
99001141
99001142
99001143
99001144
99001145
99001146
99001147
99001148
99001149
99001150
99001151
99001152
99001153
99001154
99001155
99001156
99001157
99001158
99001159
99001160
99001161
99001162
99001163
99001164
99001165
99001166
99001167
99001168
99001169
99001170
99001171
99001172
99001173
99001174
99001175
99001176
99001177
99001178
99001179
99001180
99001181
99001182
99001183
99001184
99001185
99001186
99001187
99001188
99001189
99001190
99001191
99001192
99001193
99001194
99001195
99001196
99001197
99001198
99001199
99001200
99001201
99001202
99001203
99001204
99001205
99001206
99001207
99001208
99001209
99001210
99001211
99001212
99001213
99001214
99001215
99001216
99001217
99001218
99001219
99001220
99001221
99001222
99001223
99001224
99001225
99001226
99001227
99001228
99001229
99001230
99001231
99001232
99001233
99001234
99001235
99001236
99001237
99001238
99001239
99001240
99001241
99001242
99001243
99001244
99001245
99001246
99001247
99001248
99001249
99001250
99001251
99001252
99001253
99001254
99001255
99001256
99001257
99001258
99001259
99001260
99001261
99001262
99001263
99001264
99001265
99001266
99001267
99001268
99001269
99001270
99001271
99001272
99001273
99001274
99001275
99001276
99001277
99001278
99001279
99001280
99001281
99001282
99001283
99001284
99001285
99001286
99001287
99001288
99001289
99001290
99001291
99001292
99001293
99001294
99001295
99001296
99001297
99001298
99001299
99001300
99001301
99001302
99001303
99001304
99001305
99001306
99001307
99001308
99001309
99001310
99001311
99001312
99001313
99001314
99001315
99001316
99001317
99001318
99001319
99001320
99001321
99001322
99001323
99001324
99001325
99001326
99001327
99001328
99001329
99001330
99001331
99001332
99001333
99001334
99001335
99001336
99001337
99001338
99001339
99001340
99001341
99001342
99001343
99001344
99001345
99001346
99001347
99001348
99001349
99001350
99001351
99001352
99001353
99001354
99001355
99001356
99001357
99001358
99001359
99001360
99001361
99001362
99001363
99001364
99001365
99001366
99001367
99001368
99001369
99001370
99001371
99001372
99001373
99001374
99001375
99001376
99001377
99001378
99001379
99001380
99001381
99001382
99001383
99001384
99001385
99001386
99001387
99001388
99001389
99001390
99001391
99001392
99001393
99001394
99001395
99001396
99001397
99001398
99001399
99001400
99001401
99001402
99001403
99001404
99001405
99001406
99001407
99001408
99001409
99001410
99001411
99001412
99001413
99001414
99001415
99001416
99001417
99001418
99001419
99001420
99001421
99001422
99001423
99001424
99001425
99001426
99001427
99001428
99001429
99001430
99001431
99001432
99001433
99001434
99001435
99001436
99001437
99001438
99001439
99001440
99001441
99001442
99001443
99001444
99001445
99001446
99001447
99001448
99001449
99001450
99001451
99001452
99001453
99001454
99001455
99001456
99001457
99001458
99001459
99001460
99001461
99001462
99001463
99001464
99001465
99001466
99001467
99001468
99001469
99001470
99001471
99001472
99001473
99001474
99001475
99001476
99001477
99001478
99001479
99001480
99001481
99001482
99001483
99001484
99001485
99001486
99001487
99001488
99001489
99001490
99001491
99001492
99001493
99001494
99001495
99001496
99001497
99001498
99001499
99001500
99001501
99001502
99001503
99001504
99001505
99001506
99001507
99001508
99001509
99001510
99001511
99001512
99001513
99001514
99001515
99001516
99001517
99001518
99001519
99001520
99001521
99001522
99001523
99001524
99001525
99001526
99001527
99001528
99001529
99001530
99001531
99001532
99001533
99001534
99001535
99001536
99001537
99001538
99001539
99001540
99001541
99001542
99001543
99001544
99001545
99001546
99001547
99001548
99001549
99001550
99001551
99001552
99001553
99001554
99001555
99001556
99001557
99001558
99001559
99001560
99001561
99001562
99001563
99001564
99001565
99001566
99001567
99001568
99001569
99001570
99001571
99001572
99001573
99001574
99001575
99001576
99001577
99001578
99001579
99001580
99001581
99001582
99001583
99001584
99001585
99001586
99001587
99001588
99001589
99001590
99001591
99001592
99001593
99001594
99001595
99001596
99001597
99001598
99001599
99001600
99001601
99001602
99001603
99001604
99001605
99001606
99001607
99001608
99001609
99001610
99001611
99001612
99001613
99001614
99001615
99001616
99001617
99001618
99001619
99001620
99001621
99001622
99001623
99001624
99001625
99001626
99001627
99001628
99001629
99001630
99001631
99001632
99001633
99001634
99001635
99001636
99001637
99001638
99001639
99001640
99001641
99001642
99001643
99001644
99001645
99001646
99001647
99001648
99001649
99001650
99001651
99001652
99001653
99001654
99001655
99001656
99001657
99001658
99001659
99001660
99001661
99001662
99001663
99001664
99001665
99001666
99001667
99001668
99001669
99001670
99001671
99001672
99001673
99001674
99001675
99001676
99001677
99001678
99001679
99001680
99001681
99001682
99001683
99001684
99001685
99001686
99001687
99001688
99001689
99001690
99001691
99001692
99001693
99001694
99001695
99001696
99001697
99001698
99001699
99001700
99001701
99001702
99001703
99001704
99001705
99001706
99001707
99001708
99001709
99001710
99001711
99001712
99001713
99001714
99001715
99001716
99001717
99001718
99001719
99001720
99001721
99001722
99001723
99001724
99001725
99001726
99001727
99001728
99001729
99001730
99001731
99001732
99001733
99001734
99001735
99001736
99001737
99001738
99001739
99001740
99001741
99001742
99001743
99001744
99001745
99001746
99001747
99001748
99001749
99001750
99001751
99001752
99001753
99001754
99001755
99001756
99001757
99001758
99001759
99001760
99001761
99001762
99001763
99001764
99001765
99001766
99001767
99001768
99001769
99001770
99001771
99001772
99001773
99001774
99001775
99001776
99001777
99001778
99001779
99001780
99001781
99001782
99001783
99001784
99001785
99001786
99001787
99001788
99001789
99001790
99001791
99001792
99001793
99001794
99001795
99001796
99001797
99001798
99001799
99001800
99001801
99001802
99001803
99001804
99001805
99001806
99001807
99001808
99001809
99001810
99001811
99001812
99001813
99001814
99001815
99001816
99001817
99001818
99001819
99001820
99001821
99001822
99001823
99001824
99001825
99001826
99001827
99001828
99001829
99001830
99001831
99001832
99001833
99001834
99001835
99001836
99001837
99001838
99001839
99001840
99001841
99001842
99001843
99001844
99001845
99001846
99001847
99001848
99001849
99001850
99001851
99001852
99001853
99001854
99001855
99001856
99001857
99001858
99001859
99001860
99001861
99001862
99001863
99001864
99001865
99001866
99001867
99001868
99001869
99001870
99001871
99001872
99001873
99001874
99001875
99001876
99001877
99001878
99001879
99001880
99001881
99001882
99001883
99001884
99001885
99001886
99001887
99001888
99001889
99001890
99001891
99001892
99001893
99001894
99001895
99001896
99001897
99001898
99001899
99001900
99001901
99001902
99001903
99001904
99001905
99001906
99001907
99001908
99001909
99001910
99001911
99001912
99001913
99001914
99001915
99001916
99001917
99001918
99001919
99001920
99001921
99001922
99001923
99001924
99001925
99001926
99001927
99001928
99001929
99001930
99001931
99001932
99001933
99001934
99001935
99001936
99001937
99001938
99001939
99001940
99001941
99001942
99001943
99001944
99001945
99001946
99001947
99001948
99001949
99001950
99001951
99001952
99001953
99001954
99001955
99001956
99001957
99001958
99001959
99001960
99001961
99001962
99001963
99001964
99001965
99001966
99001967
99001968
99001969
99001970
99001971
99001972
99001973
99001974
99001975
99001976
99001977
99001978
99001979
99001980
99001981
99001982
99001983
99001984
99001985
99001986
99001987
99001988
99001989
99001990
99001991
99001992
99001993
99001994
99001995
99001996
99001997
99001998
99001999
99002000
99002001
99002002
99002003
99002004
99002005
99002006
99002007
99002008
99002009
99002010
99002011
99002012
99002013
99002014
99002015
99002016
99002017
99002018
99002019
99002020
99002021
99002022
99002023
99002024
99002025
99002026
99002027
99002028
99002029
99002030
99002031
99002032
99002033
99002034
99002035
99002036
99002037
99002038
99002039
99002040
99002041
99002042
99002043
99002044
99002045
99002046
99002047
99002048
99002049
99002050
99002051
99002052
99002053
99002054
99002055
99002056
99002057
99002058
99002059
99002060
99002061
99002062
99002063
99002064
99002065
99002066
99002067
99002068
99002069
99002070
99002071
99002072
99002073
99002074
99002075
99002076
99002077
99002078
99002079
99002080
99002081
99002082
99002083
99002084
99002085
99002086
99002087
99002088
99002089
99002090
99002091
99002092
99002093
99002094
99002095
99002096
99002097
99002098
99002099
99002100
99002101
99002102
99002103
99002104
99002105
99002106
99002107
99002108
99002109
99002110
99002111
99002112
99002113
99002114
99002115
99002116
99002117
99002118
99002119
99002120
99002121
99002122
99002123
99002124
99002125
99002126
99002127
99002128
99002129
99002130
99002131
99002132
99002133
99002134
99002135
99002136
99002137
99002138
99002139
99002140
99002141
99002142
99002143
99002144
99002145
99002146
99002147
99002148
99002149
99002150
99002151
99002152
99002153
99002154
99002155
99002156
99002157
99002158
99002159
99002160
99002161
99002162
99002163
99002164
99002165
99002166
99002167
99002168
99002169
99002170
99002171
99002172
99002173
99002174
99002175
99002176
99002177
99002178
99002179
99002180
99002181
99002182
99002183
99002184
99002185
99002186
99002187
99002188
99002189
99002190
99002191
99002192
99002193
99002194
99002195
99002196
99002197
99002198
99002199
99002200
99002201
99002202
99002203
99002204
99002205
99002206
99002207
99002208
99002209
99002210
99002211
99002212
99002213
99002214
99002215
99002216
99002217
99002218
99002219
99002220
99002221
99002222
99002223
99002224
99002225
99002226
99002227
99002228
99002229
99002230
99002231
99002232
99002233
99002234
99002235
99002236
99002237
99002238
99002239
99002240
99002241
99002242
99002243
99002244
99002245
99002246
99002247
99002248
99002249
99002250
99002251
99002252
99002253
99002254
99002255
99002256
99002257
99002258
99002259
99002260
99002261
99002262
99002263
99002264
99002265
99002266
99002267
99002268
99002269
99002270
99002271
99002272
99002273
99002274
99002275
99002276
99002277
99002278
99002279
99002280
99002281
99002282
99002283
99002284
99002285
99002286
99002287
99002288
99002289
99002290
99002291
99002292
99002293
99002294
99002295
99002296
99002297
99002298
99002299
99002300
99002301
99002302
99002303
99002304
99002305
99002306
99002307
99002308
99002309
99002310
99002311
99002312
99002313
99002314
99002315
99002316
99002317
99002318
99002319
99002320
99002321
99002322
99002323
99002324
99002325
99002326
99002327
99002328
99002329
99002330
99002331
99002332
99002333
99002334
99002335
99002336
99002337
99002338
99002339
99002340
99002341
99002342
99002343
99002344
99002345
99002346
99002347
99002348
99002349
99002350
99002351
99002352
99002353
99002354
99002355
99002356
99002357
99002358
99002359
99002360
99002361
99002362
99002363
99002364
99002365
99002366
99002367
99002368
99002369
99002370
99002371
99002372
99002373
99002374
99002375
99002376
99002377
99002378
99002379
99002380
99002381
99002382
99002383
99002384
99002385
99002386
99002387
99002388
99002389
99002390
99002391
99002392
99002393
99002394
99002395
99002396
99002397
99002398
99002399
99002400
99002401
99002402
99002403
99002404
99002405
99002406
99002407
99002408
99002409
99002410
99002411
99002412
99002413
99002414
99002415
99002416
99002417
99002418
99002419
99002420
99002421
99002422
99002423
99002424
99002425
99002426
99002427
99002428
99002429
99002430
99002431
99002432
99002433
99002434
99002435
99002436
99002437
99002438
99002439
99002440
99002441
99002442
99002443
99002444
99002445
99002446
99002447
99002448
99002449
99002450
99002451
99002452
99002453
99002454
99002455
99002456
99002457
99002458
99002459
99002460
99002461
99002462
99002463
99002464
99002465
99002466
99002467
99002468
99002469
99002470
99002471
99002472
99002473
99002474
99002475
99002476
99002477
99002478
99002479
99002480
99002481
99002482
99002483
99002484
99002485
99002486
99002487
99002488
99002489
99002490
99002491
99002492
99002493
99002494
99002495
99002496
99002497
99002498
99002499
99002500
99002501
99002502
99002503
99002504
99002505
99002506
99002507
99002508
99002509
99002510
99002511
99002512
99002513
99002514
99002515
99002516
99002517
99002518
99002519
99002520
99002521
99002522
99002523
99002524
99002525
99002526
99002527
99002528
99002529
99002530
99002531
99002532
99002533
99002534
99002535
99002536
99002537
99002538
99002539
99002540
99002541
99002542
99002543
99002544
99002545
99002546
99002547
99002548
99002549
99002550
99002551
99002552
99002553
99002554
99002555
99002556
99002557
99002558
99002559
99002560
99002561
99002562
99002563
99002564
99002565
99002566
99002567
99002568
99002569
99002570
99002571
99002572
99002573
99002574
99002575
99002576
99002577
99002578
99002579
99002580
99002581
99002582
99002583
99002584
99002585
99002586
99002587
99002588
99002589
99002590
99002591
99002592
99002593
99002594
99002595
99002596
99002597
99002598
99002599
99002600
99002601
99002602
99002603
99002604
99002605
99002606
99002607
99002608
99002609
99002610
99002611
99002612
99002613
99002614
99002615
99002616
99002617
99002618
99002619
99002620
99002621
99002622
99002623
99002624
99002625
99002626
99002627
99002628
99002629
99002630
99002631
99002632
99002633
99002634
99002635
99002636
99002637
99002638
99002639
99002640
99002641
99002642
99002643
99002644
99002645
99002646
99002647
99002648
99002649
99002650
99002651
99002652
99002653
99002654
99002655
99002656
99002657
99002658
99002659
99002660
99002661
99002662
99002663
99002664
99002665
99002666
99002667
99002668
99002669
99002670
99002671
99002672
99002673
99002674
99002675
99002676
99002677
99002678
99002679
99002680
99002681
99002682
99002683
99002684
99002685
99002686
99002687
99002688
99002689
99002690
99002691
99002692
99002693
99002694
99002695
99002696
99002697
99002698
99002699
99002700
99002701
99002702
99002703
99002704
99002705
99002706
99002707
99002708
99002709
99002710
99002711
99002712
99002713
99002714
99002715
99002716
99002717
99002718
99002719
99002720
99002721
99002722
99002723
99002724
99002725
99002726
99002727
99002728
99002729
99002730
99002731
99002732
99002733
99002734
99002735
99002736
99002737
99002738
99002739
99002740
99002741
99002742
99002743
99002744
99002745
99002746
99002747
99002748
99002749
99002750
99002751
99002752
99002753
99002754
99002755
99002756
99002757
99002758
99002759
99002760
99002761
99002762
99002763
99002764
99002765
99002766
99002767
99002768
99002769
99002770
99002771
99002772
99002773
99002774
99002775
99002776
99002777
99002778
99002779
99002780
99002781
99002782
99002783
99002784
99002785
99002786
99002787
99002788
99002789
99002790
99002791
99002792
99002793
99002794
99002795
99002796
99002797
99002798
99002799
99002800
99002801
99002802
99002803
99002804
99002805
99002806
99002807
99002808
99002809
99002810
99002811
99002812
99002813
99002814
99002815
99002816
99002817
99002818
99002819
99002820
99002821
99002822
99002823
99002824
99002825
99002826
99002827
99002828
99002829
99002830
99002831
99002832
99002833
99002834
99002835
99002836
99002837
99002838
99002839
99002840
99002841
99002842
99002843
99002844
99002845
99002846
99002847
99002848
99002849
99002850
99002851
99002852
99002853
99002854
99002855
99002856
99002857
99002858
99002859
99002860
99002861
99002862
99002863
99002864
99002865
99002866
99002867
99002868
99002869
99002870
99002871
99002872
99002873
99002874
99002875
99002876
99002877
99002878
99002879
99002880
99002881
99002882
99002883
99002884
99002885
99002886
99002887
99002888
99002889
99002890
99002891
99002892
99002893
99002894
99002895
99002896
99002897
99002898
99002899
99002900
99002901
99002902
99002903
99002904
99002905
99002906
99002907
99002908
99002909
99002910
99002911
99002912
99002913
99002914
99002915
99002916
99002917
99002918
99002919
99002920
99002921
99002922
99002923
99002924
99002925
99002926
99002927
99002928
99002929
99002930
99002931
99002932
99002933
99002934
99002935
99002936
99002937
99002938
99002939
99002940
99002941
99002942
99002943
99002944
99002945
99002946
99002947
99002948
99002949
99002950
99002951
99002952
99002953
99002954
99002955
99002956
99002957
99002958
99002959
99002960
99002961
99002962
99002963
99002964
99002965
99002966
99002967
99002968
99002969
99002970
99002971
99002972
99002973
99002974
99002975
99002976
99002977
99002978
99002979
99002980
99002981
99002982
99002983
99002984
99002985
99002986
99002987
99002988
99002989
99002990
99002991
99002992
99002993
99002994
99002995
99002996
99002997
99002998
99002999
99003000
99003001
99003002
99003003
99003004
99003005
99003006
99003007
99003008
99003009
99003010
99003011
99003012
99003013
99003014
99003015
99003016
99003017
99003018
99003019
99003020
99003021
99003022
99003023
99003024
99003025
99003026
99003027
99003028
99003029
99003030
99003031
99003032
99003033
99003034
99003035
99003036
99003037
99003038
99003039
99003040
99003041
99003042
99003043
99003044
99003045
99003046
99003047
99003048
99003049
99003050
99003051
99003052
99003053
99003054
99003055
99003056
99003057
99003058
99003059
99003060
99003061
99003062
99003063
99003064
99003065
99003066
99003067
99003068
99003069
99003070
99003071
99003072
99003073
99003074
99003075
99003076
99003077
99003078
99003079
99003080
99003081
99003082
99003083
99003084
99003085
99003086
99003087
99003088
99003089
99003090
99003091
99003092
99003093
99003094
99003095
99003096
99003097
99003098
99003099
99003100
99003101
99003102
99003103
99003104
99003105
99003106
99003107
99003108
99003109
99003110
99003111
99003112
99003113
99003114
99003115
99003116
99003117
99003118
99003119
99003120
99003121
99003122
99003123
99003124
99003125
99003126
99003127
99003128
99003129
99003130
99003131
99003132
99003133
99003134
99003135
99003136
99003137
99003138
99003139
99003140
99003141
99003142
99003143
99003144
99003145
99003146
99003147
99003148
99003149
99003150
99003151
99003152
99003153
99003154
99003155
99003156
99003157
99003158
99003159
99003160
99003161
99003162
99003163
99003164
99003165
99003166
99003167
99003168
99003169
99003170
99003171
99003172
99003173
99003174
99003175
99003176
99003177
99003178
99003179
99003180
99003181
99003182
99003183
99003184
99003185
99003186
99003187
99003188
99003189
99003190
99003191
99003192
99003193
99003194
99003195
99003196
99003197
99003198
99003199
99003200
99003201
99003202
99003203
99003204
99003205
99003206
99003207
99003208
99003209
99003210
99003211
99003212
99003213
99003214
99003215
99003216
99003217
99003218
99003219
99003220
99003221
99003222
99003223
99003224
99003225
99003226
99003227
99003228
99003229
99003230
99003231
99003232
99003233
99003234
99003235
99003236
99003237
99003238
99003239
99003240
99003241
99003242
99003243
99003244
99003245
99003246
99003247
99003248
99003249
99003250
99003251
99003252
99003253
99003254
99003255
99003256
99003257
99003258
99003259
99003260
99003261
99003262
99003263
99003264
99003265
99003266
99003267
99003268
99003269
99003270
99003271
99003272
99003273
99003274
99003275
99003276
99003277
99003278
99003279
99003280
99003281
99003282
99003283
99003284
99003285
99003286
99003287
99003288
99003289
99003290
99003291
99003292
99003293
99003294
99003295
99003296
99003297
99003298
99003299
99003300
99003301
99003302
99003303
99003304
99003305
99003306
99003307
99003308
99003309
99003310
99003311
99003312
99003313
99003314
99003315
99003316
99003317
99003318
99003319
99003320
99003321
99003322
99003323
99003324
99003325
99003326
99003327
99003328
99003329
99003330
99003331
99003332
99003333
99003334
99003335
99003336
99003337
99003338
99003339
99003340
99003341
99003342
99003343
99003344
99003345
99003346
99003347
99003348
99003349
99003350
99003351
99003352
99003353
99003354
99003355
99003356
99003357
99003358
99003359
99003360
99003361
99003362
99003363
99003364
99003365
99003366
99003367
99003368
99003369
99003370
99003371
99003372
99003373
99003374
99003375
99003376
99003377
99003378
99003379
99003380
99003381
99003382
99003383
99003384
99003385
99003386
99003387
99003388
99003389
99003390
99003391
99003392
99003393
99003394
99003395
99003396
99003397
99003398
99003399
99003400
99003401
99003402
99003403
99003404
99003405
99003406
99003407
99003408
99003409
99003410
99003411
99003412
99003413
99003414
99003415
99003416
99003417
99003418
99003419
99003420
99003421
99003422
99003423
99003424
99003425
99003426
99003427
99003428
99003429
99003430
99003431
99003432
99003433
99003434
99003435
99003436
99003437
99003438
99003439
99003440
99003441
99003442
99003443
99003444
99003445
99003446
99003447
99003448
99003449
99003450
99003451
99003452
99003453
99003454
99003455
99003456
99003457
99003458
99003459
99003460
99003461
99003462
99003463
99003464
99003465
99003466
99003467
99003468
99003469
99003470
99003471
99003472
99003473
99003474
99003475
99003476
99003477
99003478
99003479
99003480
99003481
99003482
99003483
99003484
99003485
99003486
99003487
99003488
99003489
99003490
99003491
99003492
99003493
99003494
99003495
99003496
99003497
99003498
99003499
99003500
99003501
99003502
99003503
99003504
99003505
99003506
99003507
99003508
99003509
99003510
99003511
99003512
99003513
99003514
99003515
99003516
99003517
99003518
99003519
99003520
99003521
99003522
99003523
99003524
99003525
99003526
99003527
99003528
99003529
99003530
99003531
99003532
99003533
99003534
99003535
99003536
99003537
99003538
99003539
99003540
99003541
99003542
99003543
99003544
99003545
99003546
99003547
99003548
99003549
99003550
99003551
99003552
99003553
99003554
99003555
99003556
99003557
99003558
99003559
99003560
99003561
99003562
99003563
99003564
99003565
99003566
99003567
99003568
99003569
99003570
99003571
99003572
99003573
99003574
99003575
99003576
99003577
99003578
99003579
99003580
99003581
99003582
99003583
99003584
99003585
99003586
99003587
99003588
99003589
99003590
99003591
99003592
99003593
99003594
99003595
99003596
99003597
99003598
99003599
99003600
99003601
99003602
99003603
99003604
99003605
99003606
99003607
99003608
99003609
99003610
99003611
99003612
99003613
99003614
99003615
99003616
99003617
99003618
99003619
99003620
99003621
99003622
99003623
99003624
99003625
99003626
99003627
99003628
99003629
99003630
99003631
99003632
99003633
99003634
99003635
99003636
99003637
99003638
99003639
99003640
99003641
99003642
99003643
99003644
99003645
99003646
99003647
99003648
99003649
99003650
99003651
99003652
99003653
99003654
99003655
99003656
99003657
99003658
99003659
99003660
99003661
99003662
99003663
99003664
99003665
99003666
99003667
99003668
99003669
99003670
99003671
99003672
99003673
99003674
99003675
99003676
99003677
99003678
99003679
99003680
99003681
99003682
99003683
99003684
99003685
99003686
99003687
99003688
99003689
99003690
99003691
99003692
99003693
99003694
99003695
99003696
99003697
99003698
99003699
99003700
99003701
99003702
99003703
99003704
99003705
99003706
99003707
99003708
99003709
99003710
99003711
99003712
99003713
99003714
99003715
99003716
99003717
99003718
99003719
99003720
99003721
99003722
99003723
99003724
99003725
99003726
99003727
99003728
99003729
99003730
99003731
99003732
99003733
99003734
99003735
99003736
99003737
99003738
99003739
99003740
99003741
99003742
99003743
99003744
99003745
99003746
99003747
99003748
99003749
99003750
99003751
99003752
99003753
99003754
99003755
99003756
99003757
99003758
99003759
99003760
99003761
99003762
99003763
99003764
99003765
99003766
99003767
99003768
99003769
99003770
99003771
99003772
99003773
99003774
99003775
99003776
99003777
99003778
99003779
99003780
99003781
99003782
99003783
99003784
99003785
99003786
99003787
99003788
99003789
99003790
99003791
99003792
99003793
99003794
99003795
99003796
99003797
99003798
99003799
99003800
99003801
99003802
99003803
99003804
99003805
99003806
99003807
99003808
99003809
99003810
99003811
99003812
99003813
99003814
99003815
99003816
99003817
99003818
99003819
99003820
99003821
99003822
99003823
99003824
99003825
99003826
99003827
99003828
99003829
99003830
99003831
99003832
99003833
99003834
99003835
99003836
99003837
99003838
99003839
99003840
99003841
99003842
99003843
99003844
99003845
99003846
99003847
99003848
99003849
99003850
99003851
99003852
99003853
99003854
99003855
99003856
99003857
99003858
99003859
99003860
99003861
99003862
99003863
99003864
99003865
99003866
99003867
99003868
99003869
99003870
99003871
99003872
99003873
99003874
99003875
99003876
99003877
99003878
99003879
99003880
99003881
99003882
99003883
99003884
99003885
99003886
99003887
99003888
99003889
99003890
99003891
99003892
99003893
99003894
99003895
99003896
99003897
99003898
99003899
99003900
99003901
99003902
99003903
99003904
99003905
99003906
99003907
99003908
99003909
99003910
99003911
99003912
99003913
99003914
99003915
99003916
99003917
99003918
99003919
99003920
99003921
99003922
99003923
99003924
99003925
99003926
99003927
99003928
99003929
99003930
99003931
99003932
99003933
99003934
99003935
99003936
99003937
99003938
99003939
99003940
99003941
99003942
99003943
99003944
99003945
99003946
99003947
99003948
99003949
99003950
99003951
99003952
99003953
99003954
99003955
99003956
99003957
99003958
99003959
99003960
99003961
99003962
99003963
99003964
99003965
99003966
99003967
99003968
99003969
99003970
99003971
99003972
99003973
99003974
99003975
99003976
99003977
99003978
99003979
99003980
99003981
99003982
99003983
99003984
99003985
99003986
99003987
99003988
99003989
99003990
99003991
99003992
99003993
99003994
99003995
99003996
99003997
99003998
99003999
99004000
99004001
99004002
99004003
99004004
99004005
99004006
99004007
99004008
99004009
99004010
99004011
99004012
99004013
99004014
99004015
99004016
99004017
99004018
99004019
99004020
99004021
99004022
99004023
99004024
99004025
99004026
99004027
99004028
99004029
99004030
99004031
99004032
99004033
99004034
99004035
99004036
99004037
99004038
99004039
99004040
99004041
99004042
99004043
99004044
99004045
99004046
99004047
99004048
99004049
99004050
99004051
99004052
99004053
99004054
99004055
99004056
99004057
99004058
99004059
99004060
99004061
99004062
99004063
99004064
99004065
99004066
99004067
99004068
99004069
99004070
99004071
99004072
99004073
99004074
99004075
99004076
99004077
99004078
99004079
99004080
99004081
99004082
99004083
99004084
99004085
99004086
99004087
99004088
99004089
99004090
99004091
99004092
99004093
99004094
99004095
99004096
99004097
99004098
99004099
99004100
99004101
99004102
99004103
99004104
99004105
99004106
99004107
99004108
99004109
99004110
99004111
99004112
99004113
99004114
99004115
99004116
99004117
99004118
99004119
99004120
99004121
99004122
99004123
99004124
99004125
99004126
99004127
99004128
99004129
99004130
99004131
99004132
99004133
99004134
99004135
99004136
99004137
99004138
99004139
99004140
99004141
99004142
99004143
99004144
99004145
99004146
99004147
99004148
99004149
99004150
99004151
99004152
99004153
99004154
99004155
99004156
99004157
99004158
99004159
99004160
99004161
99004162
99004163
99004164
99004165
99004166
99004167
99004168
99004169
99004170
99004171
99004172
99004173
99004174
99004175
99004176
99004177
99004178
99004179
99004180
99004181
99004182
99004183
99004184
99004185
99004186
99004187
99004188
99004189
99004190
99004191
99004192
99004193
99004194
99004195
99004196
99004197
99004198
99004199
99004200
99004201
99004202
99004203
99004204
99004205
99004206
99004207
99004208
99004209
99004210
99004211
99004212
99004213
99004214
99004215
99004216
99004217
99004218
99004219
99004220
99004221
99004222
99004223
99004224
99004225
99004226
99004227
99004228
99004229
99004230
99004231
99004232
99004233
99004234
99004235
99004236
99004237
99004238
99004239
99004240
99004241
99004242
99004243
99004244
99004245
99004246
99004247
99004248
99004249
99004250
99004251
99004252
99004253
99004254
99004255
99004256
99004257
99004258
99004259
99004260
99004261
99004262
99004263
99004264
99004265
99004266
99004267
99004268
99004269
99004270
99004271
99004272
99004273
99004274
99004275
99004276
99004277
99004278
99004279
99004280
99004281
99004282
99004283
99004284
99004285
99004286
99004287
99004288
99004289
99004290
99004291
99004292
99004293
99004294
99004295
99004296
99004297
99004298
99004299
99004300
99004301
99004302
99004303
99004304
99004305
99004306
99004307
99004308
99004309
99004310
99004311
99004312
99004313
99004314
99004315
99004316
99004317
99004318
99004319
99004320
99004321
99004322
99004323
99004324
99004325
99004326
99004327
99004328
99004329
99004330
99004331
99004332
99004333
99004334
99004335
99004336
99004337
99004338
99004339
99004340
99004341
99004342
99004343
99004344
99004345
99004346
99004347
99004348
99004349
99004350
99004351
99004352
99004353
99004354
99004355
99004356
99004357
99004358
99004359
99004360
99004361
99004362
99004363
99004364
99004365
99004366
99004367
99004368
99004369
99004370
99004371
99004372
99004373
99004374
99004375
99004376
99004377
99004378
99004379
99004380
99004381
99004382
99004383
99004384
99004385
99004386
99004387
99004388
99004389
99004390
99004391
99004392
99004393
99004394
99004395
99004396
99004397
99004398
99004399
99004400
99004401
99004402
99004403
99004404
99004405
99004406
99004407
99004408
99004409
99004410
99004411
99004412
99004413
99004414
99004415
99004416
99004417
99004418
99004419
99004420
99004421
99004422
99004423
99004424
99004425
99004426
99004427
99004428
99004429
99004430
99004431
99004432
99004433
99004434
99004435
99004436
99004437
99004438
99004439
99004440
99004441
99004442
99004443
99004444
99004445
99004446
99004447
99004448
99004449
99004450
99004451
99004452
99004453
99004454
99004455
99004456
99004457
99004458
99004459
99004460
99004461
99004462
99004463
99004464
99004465
99004466
99004467
99004468
99004469
99004470
99004471
99004472
99004473
99004474
99004475
99004476
99004477
99004478
99004479
99004480
99004481
99004482
99004483
99004484
99004485
99004486
99004487
99004488
99004489
99004490
99004491
99004492
99004493
99004494
99004495
99004496
99004497
99004498
99004499
99004500
99004501
99004502
99004503
99004504
99004505
99004506
99004507
99004508
99004509
99004510
99004511
99004512
99004513
99004514
99004515
99004516
99004517
99004518
99004519
99004520
99004521
99004522
99004523
99004524
99004525
99004526
99004527
99004528
99004529
99004530
99004531
99004532
99004533
99004534
99004535
99004536
99004537
99004538
99004539
99004540
99004541
99004542
99004543
99004544
99004545
99004546
99004547
99004548
99004549
99004550
99004551
99004552
99004553
99004554
99004555
99004556
99004557
99004558
99004559
99004560
99004561
99004562
99004563
99004564
99004565
99004566
99004567
99004568
99004569
99004570
99004571
99004572
99004573
99004574
99004575
99004576
99004577
99004578
99004579
99004580
99004581
99004582
99004583
99004584
99004585
99004586
99004587
99004588
99004589
99004590
99004591
99004592
99004593
99004594
99004595
99004596
99004597
99004598
99004599
99004600
99004601
99004602
99004603
99004604
99004605
99004606
99004607
99004608
99004609
99004610
99004611
99004612
99004613
99004614
99004615
99004616
99004617
99004618
99004619
99004620
99004621
99004622
99004623
99004624
99004625
99004626
99004627
99004628
99004629
99004630
99004631
99004632
99004633
99004634
99004635
99004636
99004637
99004638
99004639
99004640
99004641
99004642
99004643
99004644
99004645
99004646
99004647
99004648
99004649
99004650
99004651
99004652
99004653
99004654
99004655
99004656
99004657
99004658
99004659
99004660
99004661
99004662
99004663
99004664
99004665
99004666
99004667
99004668
99004669
99004670
99004671
99004672
99004673
99004674
99004675
99004676
99004677
99004678
99004679
99004680
99004681
99004682
99004683
99004684
99004685
99004686
99004687
99004688
99004689
99004690
99004691
99004692
99004693
99004694
99004695
99004696
99004697
99004698
99004699
99004700
99004701
99004702
99004703
99004704
99004705
99004706
99004707
99004708
99004709
99004710
99004711
99004712
99004713
99004714
99004715
99004716
99004717
99004718
99004719
99004720
99004721
99004722
99004723
99004724
99004725
99004726
99004727
99004728
99004729
99004730
99004731
99004732
99004733
99004734
99004735
99004736
99004737
99004738
99004739
99004740
99004741
99004742
99004743
99004744
99004745
99004746
99004747
99004748
99004749
99004750
99004751
99004752
99004753
99004754
99004755
99004756
99004757
99004758
99004759
99004760
99004761
99004762
99004763
99004764
99004765
99004766
99004767
99004768
99004769
99004770
99004771
99004772
99004773
99004774
99004775
99004776
99004777
99004778
99004779
99004780
99004781
99004782
99004783
99004784
99004785
99004786
99004787
99004788
99004789
99004790
99004791
99004792
99004793
99004794
99004795
99004796
99004797
99004798
99004799
99004800
99004801
99004802
99004803
99004804
99004805
99004806
99004807
99004808
99004809
99004810
99004811
99004812
99004813
99004814
99004815
99004816
99004817
99004818
99004819
99004820
99004821
99004822
99004823
99004824
99004825
99004826
99004827
99004828
99004829
99004830
99004831
99004832
99004833
99004834
99004835
99004836
99004837
99004838
99004839
99004840
99004841
99004842
99004843
99004844
99004845
99004846
99004847
99004848
99004849
99004850
99004851
99004852
99004853
99004854
99004855
99004856
99004857
99004858
99004859
99004860
99004861
99004862
99004863
99004864
99004865
99004866
99004867
99004868
99004869
99004870
99004871
99004872
99004873
99004874
99004875
99004876
99004877
99004878
99004879
99004880
99004881
99004882
99004883
99004884
99004885
99004886
99004887
99004888
99004889
99004890
99004891
99004892
99004893
99004894
99004895
99004896
99004897
99004898
99004899
99004900
99004901
99004902
99004903
99004904
99004905
99004906
99004907
99004908
99004909
99004910
99004911
99004912
99004913
99004914
99004915
99004916
99004917
99004918
99004919
99004920
99004921
99004922
99004923
99004924
99004925
99004926
99004927
99004928
99004929
99004930
99004931
99004932
99004933
99004934
99004935
99004936
99004937
99004938
99004939
99004940
99004941
99004942
99004943
99004944
99004945
99004946
99004947
99004948
99004949
99004950
99004951
99004952
99004953
99004954
99004955
99004956
99004957
99004958
99004959
99004960
99004961
99004962
99004963
99004964
99004965
99004966
99004967
99004968
99004969
99004970
99004971
99004972
99004973
99004974
99004975
99004976
99004977
99004978
99004979
99004980
99004981
99004982
99004983
99004984
99004985
99004986
99004987
99004988
99004989
99004990
99004991
99004992
99004993
99004994
99004995
99004996
99004997
99004998
99004999
99005000
99005001
99005002
99005003
99005004
99005005
99005006
99005007
99005008
99005009
99005010
99005011
99005012
99005013
99005014
99005015
99005016
99005017
99005018
99005019
99005020
99005021
99005022
99005023
99005024
99005025
99005026
99005027
99005028
99005029
99005030
99005031
99005032
99005033
99005034
99005035
99005036
99005037
99005038
99005039
99005040
99005041
99005042
99005043
99005044
99005045
99005046
99005047
99005048
99005049
99005050
99005051
99005052
99005053
99005054
99005055
99005056
99005057
99005058
99005059
99005060
99005061
99005062
99005063
99005064
99005065
99005066
99005067
99005068
99005069
99005070
99005071
99005072
99005073
99005074
99005075
99005076
99005077
99005078
99005079
99005080
99005081
99005082
99005083
99005084
99005085
99005086
99005087
99005088
99005089
99005090
99005091
99005092
99005093
99005094
99005095
99005096
99005097
99005098
99005099
99005100
99005101
99005102
99005103
99005104
99005105
99005106
99005107
99005108
99005109
99005110
99005111
99005112
99005113
99005114
99005115
99005116
99005117
99005118
99005119
99005120
99005121
99005122
99005123
99005124
99005125
99005126
99005127
99005128
99005129
99005130
99005131
99005132
99005133
99005134
99005135
99005136
99005137
99005138
99005139
99005140
99005141
99005142
99005143
99005144
99005145
99005146
99005147
99005148
99005149
99005150
99005151
99005152
99005153
99005154
99005155
99005156
99005157
99005158
99005159
99005160
99005161
99005162
99005163
99005164
99005165
99005166
99005167
99005168
99005169
99005170
99005171
99005172
99005173
99005174
99005175
99005176
99005177
99005178
99005179
99005180
99005181
99005182
99005183
99005184
99005185
99005186
99005187
99005188
99005189
99005190
99005191
99005192
99005193
99005194
99005195
99005196
99005197
99005198
99005199
99005200
99005201
99005202
99005203
99005204
99005205
99005206
99005207
99005208
99005209
99005210
99005211
99005212
99005213
99005214
99005215
99005216
99005217
99005218
99005219
99005220
99005221
99005222
99005223
99005224
99005225
99005226
99005227
99005228
99005229
99005230
99005231
99005232
99005233
99005234
99005235
99005236
99005237
99005238
99005239
99005240
99005241
99005242
99005243
99005244
99005245
99005246
99005247
99005248
99005249
99005250
99005251
99005252
99005253
99005254
99005255
99005256
99005257
99005258
99005259
99005260
99005261
99005262
99005263
99005264
99005265
99005266
99005267
99005268
99005269
99005270
99005271
99005272
99005273
99005274
99005275
99005276
99005277
99005278
99005279
99005280
99005281
99005282
99005283
99005284
99005285
99005286
99005287
99005288
99005289
99005290
99005291
99005292
99005293
99005294
99005295
99005296
99005297
99005298
99005299
99005300
99005301
99005302
99005303
99005304
99005305
99005306
99005307
99005308
99005309
99005310
99005311
99005312
99005313
99005314
99005315
99005316
99005317
99005318
99005319
99005320
99005321
99005322
99005323
99005324
99005325
99005326
99005327
99005328
99005329
99005330
99005331
99005332
99005333
99005334
99005335
99005336
99005337
99005338
99005339
99005340
99005341
99005342
99005343
99005344
99005345
99005346
99005347
99005348
99005349
99005350
99005351
99005352
99005353
99005354
99005355
99005356
99005357
99005358
99005359
99005360
99005361
99005362
99005363
99005364
99005365
99005366
99005367
99005368
99005369
99005370
99005371
99005372
99005373
99005374
99005375
99005376
99005377
99005378
99005379
99005380
99005381
99005382
99005383
99005384
99005385
99005386
99005387
99005388
99005389
99005390
99005391
99005392
99005393
99005394
99005395
99005396
99005397
99005398
99005399
99005400
99005401
99005402
99005403
99005404
99005405
99005406
99005407
99005408
99005409
99005410
99005411
99005412
99005413
99005414
99005415
99005416
99005417
99005418
99005419
99005420
99005421
99005422
99005423
99005424
99005425
99005426
99005427
99005428
99005429
99005430
99005431
99005432
99005433
99005434
99005435
99005436
99005437
99005438
99005439
99005440
99005441
99005442
99005443
99005444
99005445
99005446
99005447
99005448
99005449
99005450
99005451
99005452
99005453
99005454
99005455
99005456
99005457
99005458
99005459
99005460
99005461
99005462
99005463
99005464
99005465
99005466
99005467
99005468
99005469
99005470
99005471
99005472
99005473
99005474
99005475
99005476
99005477
99005478
99005479
99005480
99005481
99005482
99005483
99005484
99005485
99005486
99005487
99005488
99005489
99005490
99005491
99005492
99005493
99005494
99005495
99005496
99005497
99005498
99005499
99005500
99005501
99005502
99005503
99005504
99005505
99005506
99005507
99005508
99005509
99005510
99005511
99005512
99005513
99005514
99005515
99005516
99005517
99005518
99005519
99005520
99005521
99005522
99005523
99005524
99005525
99005526
99005527
99005528
99005529
99005530
99005531
99005532
99005533
99005534
99005535
99005536
99005537
99005538
99005539
99005540
99005541
99005542
99005543
99005544
99005545
99005546
99005547
99005548
99005549
99005550
99005551
99005552
99005553
99005554
99005555
99005556
99005557
99005558
99005559
99005560
99005561
99005562
99005563
99005564
99005565
99005566
99005567
99005568
99005569
99005570
99005571
99005572
99005573
99005574
99005575
99005576
99005577
99005578
99005579
99005580
99005581
99005582
99005583
99005584
99005585
99005586
99005587
99005588
99005589
99005590
99005591
99005592
99005593
99005594
99005595
99005596
99005597
99005598
99005599
99005600
99005601
99005602
99005603
99005604
99005605
99005606
99005607
99005608
99005609
99005610
99005611
99005612
99005613
99005614
99005615
99005616
99005617
99005618
99005619
99005620
99005621
99005622
99005623
99005624
99005625
99005626
99005627
99005628
99005629
99005630
99005631
99005632
99005633
99005634
99005635
99005636
99005637
99005638
99005639
99005640
99005641
99005642
99005643
99005644
99005645
99005646
99005647
99005648
99005649
99005650
99005651
99005652
99005653
99005654
99005655
99005656
99005657
99005658
99005659
99005660
99005661
99005662
99005663
99005664
99005665
99005666
99005667
99005668
99005669
99005670
99005671
99005672
99005673
99005674
99005675
99005676
99005677
99005678
99005679
99005680
99005681
99005682
99005683
99005684
99005685
99005686
99005687
99005688
99005689
99005690
99005691
99005692
99005693
99005694
99005695
99005696
99005697
99005698
99005699
99005700
99005701
99005702
99005703
99005704
99005705
99005706
99005707
99005708
99005709
99005710
99005711
99005712
99005713
99005714
99005715
99005716
99005717
99005718
99005719
99005720
99005721
99005722
99005723
99005724
99005725
99005726
99005727
99005728
99005729
99005730
99005731
99005732
99005733
99005734
99005735
99005736
99005737
99005738
99005739
99005740
99005741
99005742
99005743
99005744
99005745
99005746
99005747
99005748
99005749
99005750
99005751
99005752
99005753
99005754
99005755
99005756
99005757
99005758
99005759
99005760
99005761
99005762
99005763
99005764
99005765
99005766
99005767
99005768
99005769
99005770
99005771
99005772
99005773
99005774
99005775
99005776
99005777
99005778
99005779
99005780
99005781
99005782
99005783
99005784
99005785
99005786
99005787
99005788
99005789
99005790
99005791
99005792
99005793
99005794
99005795
99005796
99005797
99005798
99005799
99005800
99005801
99005802
99005803
99005804
99005805
99005806
99005807
99005808
99005809
99005810
99005811
99005812
99005813
99005814
99005815
99005816
99005817
99005818
99005819
99005820
99005821
99005822
99005823
99005824
99005825
99005826
99005827
99005828
99005829
99005830
99005831
99005832
99005833
99005834
99005835
99005836
99005837
99005838
99005839
99005840
99005841
99005842
99005843
99005844
99005845
99005846
99005847
99005848
99005849
99005850
99005851
99005852
99005853
99005854
99005855
99005856
99005857
99005858
99005859
99005860
99005861
99005862
99005863
99005864
99005865
99005866
99005867
99005868
99005869
99005870
99005871
99005872
99005873
99005874
99005875
99005876
99005877
99005878
99005879
99005880
99005881
99005882
99005883
99005884
99005885
99005886
99005887
99005888
99005889
99005890
99005891
99005892
99005893
99005894
99005895
99005896
99005897
99005898
99005899
99005900
99005901
99005902
99005903
99005904
99005905
99005906
99005907
99005908
99005909
99005910
99005911
99005912
99005913
99005914
99005915
99005916
99005917
99005918
99005919
99005920
99005921
99005922
99005923
99005924
99005925
99005926
99005927
99005928
99005929
99005930
99005931
99005932
99005933
99005934
99005935
99005936
99005937
99005938
99005939
99005940
99005941
99005942
99005943
99005944
99005945
99005946
99005947
99005948
99005949
99005950
99005951
99005952
99005953
99005954
99005955
99005956
99005957
99005958
99005959
99005960
99005961
99005962
99005963
99005964
99005965
99005966
99005967
99005968
99005969
99005970
99005971
99005972
99005973
99005974
99005975
99005976
99005977
99005978
99005979
99005980
99005981
99005982
99005983
99005984
99005985
99005986
99005987
99005988
99005989
99005990
99005991
99005992
99005993
99005994
99005995
99005996
99005997
99005998
99005999
99006000
99006001
99006002
99006003
99006004
99006005
99006006
99006007
99006008
99006009
99006010
99006011
99006012
99006013
99006014
99006015
99006016
99006017
99006018
99006019
99006020
99006021
99006022
99006023
99006024
99006025
99006026
99006027
99006028
99006029
99006030
99006031
99006032
99006033
99006034
99006035
99006036
99006037
99006038
99006039
99006040
99006041
99006042
99006043
99006044
99006045
99006046
99006047
99006048
99006049
99006050
99006051
99006052
99006053
99006054
99006055
99006056
99006057
99006058
99006059
99006060
99006061
99006062
99006063
99006064
99006065
99006066
99006067
99006068
99006069
99006070
99006071
99006072
99006073
99006074
99006075
99006076
99006077
99006078
99006079
99006080
99006081
99006082
99006083
99006084
99006085
99006086
99006087
99006088
99006089
99006090
99006091
99006092
99006093
99006094
99006095
99006096
99006097
99006098
99006099
99006100
99006101
99006102
99006103
99006104
99006105
99006106
99006107
99006108
99006109
99006110
99006111
99006112
99006113
99006114
99006115
99006116
99006117
99006118
99006119
99006120
99006121
99006122
99006123
99006124
99006125
99006126
99006127
99006128
99006129
99006130
99006131
99006132
99006133
99006134
99006135
99006136
99006137
99006138
99006139
99006140
99006141
99006142
99006143
99006144
99006145
99006146
99006147
99006148
99006149
99006150
99006151
99006152
99006153
99006154
99006155
99006156
99006157
99006158
99006159
99006160
99006161
99006162
99006163
99006164
99006165
99006166
99006167
99006168
99006169
99006170
99006171
99006172
99006173
99006174
99006175
99006176
99006177
99006178
99006179
99006180
99006181
99006182
99006183
99006184
99006185
99006186
99006187
99006188
99006189
99006190
99006191
99006192
99006193
99006194
99006195
99006196
99006197
99006198
99006199
99006200
99006201
99006202
99006203
99006204
99006205
99006206
99006207
99006208
99006209
99006210
99006211
99006212
99006213
99006214
99006215
99006216
99006217
99006218
99006219
99006220
99006221
99006222
99006223
99006224
99006225
99006226
99006227
99006228
99006229
99006230
99006231
99006232
99006233
99006234
99006235
99006236
99006237
99006238
99006239
99006240
99006241
99006242
99006243
99006244
99006245
99006246
99006247
99006248
99006249
99006250
99006251
99006252
99006253
99006254
99006255
99006256
99006257
99006258
99006259
99006260
99006261
99006262
99006263
99006264
99006265
99006266
99006267
99006268
99006269
99006270
99006271
99006272
99006273
99006274
99006275
99006276
99006277
99006278
99006279
99006280
99006281
99006282
99006283
99006284
99006285
99006286
99006287
99006288
99006289
99006290
99006291
99006292
99006293
99006294
99006295
99006296
99006297
99006298
99006299
99006300
99006301
99006302
99006303
99006304
99006305
99006306
99006307
99006308
99006309
99006310
99006311
99006312
99006313
99006314
99006315
99006316
99006317
99006318
99006319
99006320
99006321
99006322
99006323
99006324
99006325
99006326
99006327
99006328
99006329
99006330
99006331
99006332
99006333
99006334
99006335
99006336
99006337
99006338
99006339
99006340
99006341
99006342
99006343
99006344
99006345
99006346
99006347
99006348
99006349
99006350
99006351
99006352
99006353
99006354
99006355
99006356
99006357
99006358
99006359
99006360
99006361
99006362
99006363
99006364
99006365
99006366
99006367
99006368
99006369
99006370
99006371
99006372
99006373
99006374
99006375
99006376
99006377
99006378
99006379
99006380
99006381
99006382
99006383
99006384
99006385
99006386
99006387
99006388
99006389
99006390
99006391
99006392
99006393
99006394
99006395
99006396
99006397
99006398
99006399
99006400
99006401
99006402
99006403
99006404
99006405
99006406
99006407
99006408
99006409
99006410
99006411
99006412
99006413
99006414
99006415
99006416
99006417
99006418
99006419
99006420
99006421
99006422
99006423
99006424
99006425
99006426
99006427
99006428
99006429
99006430
99006431
99006432
99006433
99006434
99006435
99006436
99006437
99006438
99006439
99006440
99006441
99006442
99006443
99006444
99006445
99006446
99006447
99006448
99006449
99006450
99006451
99006452
99006453
99006454
99006455
99006456
99006457
99006458
99006459
99006460
99006461
99006462
99006463
99006464
99006465
99006466
99006467
99006468
99006469
99006470
99006471
99006472
99006473
99006474
99006475
99006476
99006477
99006478
99006479
99006480
99006481
99006482
99006483
99006484
99006485
99006486
99006487
99006488
99006489
99006490
99006491
99006492
99006493
99006494
99006495
99006496
99006497
99006498
99006499
99006500
99006501
99006502
99006503
99006504
99006505
99006506
99006507
99006508
99006509
99006510
99006511
99006512
99006513
99006514
99006515
99006516
99006517
99006518
99006519
99006520
99006521
99006522
99006523
99006524
99006525
99006526
99006527
99006528
99006529
99006530
99006531
99006532
99006533
99006534
99006535
99006536
99006537
99006538
99006539
99006540
99006541
99006542
99006543
99006544
99006545
99006546
99006547
99006548
99006549
99006550
99006551
99006552
99006553
99006554
99006555
99006556
99006557
99006558
99006559
99006560
99006561
99006562
99006563
99006564
99006565
99006566
99006567
99006568
99006569
99006570
99006571
99006572
99006573
99006574
99006575
99006576
99006577
99006578
99006579
99006580
99006581
99006582
99006583
99006584
99006585
99006586
99006587
99006588
99006589
99006590
99006591
99006592
99006593
99006594
99006595
99006596
99006597
99006598
99006599
99006600
99006601
99006602
99006603
99006604
99006605
99006606
99006607
99006608
99006609
99006610
99006611
99006612
99006613
99006614
99006615
99006616
99006617
99006618
99006619
99006620
99006621
99006622
99006623
99006624
99006625
99006626
99006627
99006628
99006629
99006630
99006631
99006632
99006633
99006634
99006635
99006636
99006637
99006638
99006639
99006640
99006641
99006642
99006643
99006644
99006645
99006646
99006647
99006648
99006649
99006650
99006651
99006652
99006653
99006654
99006655
99006656
99006657
99006658
99006659
99006660
99006661
99006662
99006663
99006664
99006665
99006666
99006667
99006668
99006669
99006670
99006671
99006672
99006673
99006674
99006675
99006676
99006677
99006678
99006679
99006680
99006681
99006682
99006683
99006684
99006685
99006686
99006687
99006688
99006689
99006690
99006691
99006692
99006693
99006694
99006695
99006696
99006697
99006698
99006699
99006700
99006701
99006702
99006703
99006704
99006705
99006706
99006707
99006708
99006709
99006710
99006711
99006712
99006713
99006714
99006715
99006716
99006717
99006718
99006719
99006720
99006721
99006722
99006723
99006724
99006725
99006726
99006727
99006728
99006729
99006730
99006731
99006732
99006733
99006734
99006735
99006736
99006737
99006738
99006739
99006740
99006741
99006742
99006743
99006744
99006745
99006746
99006747
99006748
99006749
99006750
99006751
99006752
99006753
99006754
99006755
99006756
99006757
99006758
99006759
99006760
99006761
99006762
99006763
99006764
99006765
99006766
99006767
99006768
99006769
99006770
99006771
99006772
99006773
99006774
99006775
99006776
99006777
99006778
99006779
99006780
99006781
99006782
99006783
99006784
99006785
99006786
99006787
99006788
99006789
99006790
99006791
99006792
99006793
99006794
99006795
99006796
99006797
99006798
99006799
99006800
99006801
99006802
99006803
99006804
99006805
99006806
99006807
99006808
99006809
99006810
99006811
99006812
99006813
99006814
99006815
99006816
99006817
99006818
99006819
99006820
99006821
99006822
99006823
99006824
99006825
99006826
99006827
99006828
99006829
99006830
99006831
99006832
99006833
99006834
99006835
99006836
99006837
99006838
99006839
99006840
99006841
99006842
99006843
99006844
99006845
99006846
99006847
99006848
99006849
99006850
99006851
99006852
99006853
99006854
99006855
99006856
99006857
99006858
99006859
99006860
99006861
99006862
99006863
99006864
99006865
99006866
99006867
99006868
99006869
99006870
99006871
99006872
99006873
99006874
99006875
99006876
99006877
99006878
99006879
99006880
99006881
99006882
99006883
99006884
99006885
99006886
99006887
99006888
99006889
99006890
99006891
99006892
99006893
99006894
99006895
99006896
99006897
99006898
99006899
99006900
99006901
99006902
99006903
99006904
99006905
99006906
99006907
99006908
99006909
99006910
99006911
99006912
99006913
99006914
99006915
99006916
99006917
99006918
99006919
99006920
99006921
99006922
99006923
99006924
99006925
99006926
99006927
99006928
99006929
99006930
99006931
99006932
99006933
99006934
99006935
99006936
99006937
99006938
99006939
99006940
99006941
99006942
99006943
99006944
99006945
99006946
99006947
99006948
99006949
99006950
99006951
99006952
99006953
99006954
99006955
99006956
99006957
99006958
99006959
99006960
99006961
99006962
99006963
99006964
99006965
99006966
99006967
99006968
99006969
99006970
99006971
99006972
99006973
99006974
99006975
99006976
99006977
99006978
99006979
99006980
99006981
99006982
99006983
99006984
99006985
99006986
99006987
99006988
99006989
99006990
99006991
99006992
99006993
99006994
99006995
99006996
99006997
99006998
99006999
99007000
99007001
99007002
99007003
99007004
99007005
99007006
99007007
99007008
99007009
99007010
99007011
99007012
99007013
99007014
99007015
99007016
99007017
99007018
99007019
99007020
99007021
99007022
99007023
99007024
99007025
99007026
99007027
99007028
99007029
99007030
99007031
99007032
99007033
99007034
99007035
99007036
99007037
99007038
99007039
99007040
99007041
99007042
99007043
99007044
99007045
99007046
99007047
99007048
99007049
99007050
99007051
99007052
99007053
99007054
99007055
99007056
99007057
99007058
99007059
99007060
99007061
99007062
99007063
99007064
99007065
99007066
99007067
99007068
99007069
99007070
99007071
99007072
99007073
99007074
99007075
99007076
99007077
99007078
99007079
99007080
99007081
99007082
99007083
99007084
99007085
99007086
99007087
99007088
99007089
99007090
99007091
99007092
99007093
99007094
99007095
99007096
99007097
99007098
99007099
99007100
99007101
99007102
99007103
99007104
99007105
99007106
